metalicity
42.731551480265246
46.42966821176405
45.75402321555045
45.80805952124572
44.072529046422154
45.223285624299386
44.65652482103748
45.84041344156333
45.80725910188779
46.94816345192655
46.45945500974888
46.27420715595608
45.83356711631823
45.42702492776548
45.61057420311163
46.20279413340366
45.55659774001865
45.92781439120169
44.25456005759023
44.09004107924264
42.834529016483074
45.90039116187907
45.72448243929339
44.520471934924906
45.81360343370657
45.74564195353611
45.564471842451916
44.252004743000725
44.31787292729719
46.84262347716842
45.839406243262076
45.576963649878195
43.963005856556286
45.77950870411485
44.37579346310311
44.61283455530862
43.75107477413455
44.42408930897135
44.71155074663888
45.831607755702
45.66317649041204
44.836704350731736
44.62008413761534
45.08379879313766
45.085938239159915
46.98772303449699
43.71547307947409
46.23625277338368
45.800482452417356
44.544931349242354
45.090086493679564
43.410916579615844
46.47985543877698
45.17417037966398
45.3366334631266
44.19408884071821
45.692152674854135
45.59296904982313
45.52247421228685
46.68245147241998
45.250596992245846
44.16704054319018
45.76589879466482
46.346310559404856
44.20344196162838
44.20307168266278
45.68818684060143
45.53596808346008
44.93376441815753
45.967855902094435
44.65779353193592
45.69980393210147
43.794819213939334
44.74732935460282
44.95835514639828
45.61741186919928
45.6856387126133
45.939717819872875
45.96516625127933
45.78982073641879
44.161316581045114
45.45261707100723
44.37399109412218
45.10078983591449
45.52900704937916
46.67207670374744
46.658543252067155
44.66082448039934
45.113477701083625
45.37334140679014
44.32968232853337
45.3483612999143
46.564375957316095
45.97293516423395
44.44601331118556
46.60432851359374
45.87074212609051
44.79885194468452
45.00466688119224
46.14937004735227
44.442438853102345
45.564695938383245
45.429820271199
46.0865668613236
45.69848199296593
44.22030430180982
44.65163569514692
43.87818620916331
45.346443243379554
46.33923155183817
45.99431112170649
44.259503358678735
44.554148851605866
44.74920709190012
45.29802769225998
46.6979757068336
45.96028863591276
44.142313355074016
44.97257470776171
44.22722045632977
46.62256097952332
45.04682547724204
45.79208855344494
45.80344721344865
46.018014080777405
45.47684579222375
44.25770056491195
44.796768119187604
44.91596414347298
46.03308861357453
44.39641216026992
44.92496016738937
45.75801900915973
44.17703642680289
47.03693808779181
45.10733921104081
45.8225245358019
44.544311851777216
45.06656707285508
44.922325147550566
46.16193875228109
44.74997656495079
44.439881115368465
46.79042230257814
44.59196481374676
45.915727243406096
45.277867545559225
45.082156805720956
44.29723471394529
45.510493445868796
